9 8 1217567877
1 1 1217573801
13 1 1217606247
17 1 1217617639
48 2 1217618182
17 1 1217618239
19 9 1217618357
13 23 1217618560
13 11 1217618799
23 23 1217619360
35 33 1217620542
39 33 1217620597
43 22 1217620971
17 32 1217621272
39 40 1217621416
37 40 1217621670
45 45 1217621917
17 17 1217622124
49 13 1217623079
13 23 1217623216
50 37 1217623475
40 37 1217623560
55 8 1217623986
51 32 1217624788
60 2 1217625055
39 8 1217625808
59 59 1217625982
61 58 1217627137
25 61 1217627213
40 59 1217627573
2089740 61 1217627627
25 61 1217627708
59 59 1217627895
72 9 1217628719
61 39 1217629165
36 39 1217629413
146270 72 1217629643
34 39 1217629692
60 72 1217629931
17 72 1217629962
58 72 1217630083
26 26 1217632187
35 58 1217632427
26 58 1217632744
59 78 1217633503
72 48 1217633802
72 58 1217634210
71 48 1217634474
42 58 1217635015
86 58 1217635287
